409 65 4
409 1295 1
409 1242 2
409 50 5
409 223 4
409 48 2
409 288 1
409 200 2
409 99 3
409 197 3
409 497 3
409 659 5
409 1176 4
409 199 4
409 6 4
409 516 4
409 59 5
409 201 1
409 520 2
409 214 4
409 518 1
409 680 1
409 202 3
409 995 4
409 270 2
409 1021 4
409 22 2
409 664 4
409 165 4
409 8 3
409 480 5
409 339 2
409 479 5
409 965 2
409 187 3
409 684 4
409 491 2
409 381 2
409 937 2
409 654 3
409 154 5
409 181 4
409 203 5
409 87 3
409 325 4
409 168 5
409 133 4
409 604 4
409 527 4
409 173 3
409 429 5
409 276 4
409 489 5
409 321 2
409 97 5
409 709 4
409 162 4
409 135 5
409 474 5
409 676 2
409 749 3
409 9 4
409 264 1
409 12 4
409 60 5
409 210 4
409 153 4
409 483 4
409 191 5
409 484 4
409 478 4
409 1065 2
409 615 5
409 166 4
409 514 5
409 496 5
409 855 4
409 318 4
409 89 5
409 609 3
409 1537 4
409 175 4
409 207 3
409 156 2
409 1393 1
409 1379 3
409 526 3
409 382 4
409 1097 2
409 322 2
409 1524 4
409 433 4
409 170 4
409 204 5
409 427 5
409 1593 4
409 174 4
409 877 2
409 98 5
409 172 5
409 213 4
409 283 4
409 28 2
409 58 4
409 30 4
409 461 3
409 633 4
409 631 3
409 618 4
409 482 4
409 1194 5
409 481 3
409 286 5
409 523 4
409 708 4
409 1073 4
409 343 3
409 285 4
409 1360 2
409 493 4
409 367 3
409 186 5
409 209 5
409 1093 2
409 192 4
409 661 5
409 606 4
409 195 4
409 1449 5
409 179 5
409 608 4
409 23 4
409 607 5
409 430 4
409 498 4
409 275 4
409 733 4
409 266 1
409 1558 5
409 945 3
409 1099 4
409 647 5
409 528 4
409 1369 4
409 303 4
409 504 2
409 404 2
409 300 3
409 205 3
409 486 3
409 327 2
409 530 4
409 216 4
409 428 4
409 14 5
409 485 2
409 879 1
409 714 3
409 435 3
409 505 5
409 100 5
409 357 5
409 1392 1
409 61 4
409 1541 4
409 1070 4
409 115 2
409 1512 5
409 1020 5
409 1159 2
409 180 5
409 475 4
409 289 1
409 705 2
409 538 3
409 923 5
409 657 3
409 45 4
409 211 4
409 1346 3
409 116 4
409 171 4
409 127 4
409 1328 2
409 890 1
409 206 4
409 603 5
409 134 5
409 876 2
409 1050 4
409 511 5
409 499 3
409 79 4
409 83 3
409 663 4
409 529 5
409 466 4
409 326 3
409 136 4
409 854 4
409 632 3
409 178 5
409 338 3
