455 135 5
455 629 3
455 293 4
455 755 3
455 282 3
455 738 3
455 724 3
455 56 5
455 20 3
455 334 3
455 531 3
455 343 4
455 214 3
455 255 2
455 508 4
455 597 3
455 647 4
455 196 4
455 161 4
455 300 4
455 173 4
455 1174 3
455 511 5
455 323 3
455 582 2
455 2 4
455 465 3
455 504 4
455 70 3
455 279 3
455 321 2
455 204 4
455 304 3
455 778 4
455 529 3
455 47 2
455 692 3
455 257 4
455 1137 3
455 727 3
455 31 4
455 126 5
455 584 4
455 222 3
455 277 4
455 1265 3
455 25 3
455 245 3
455 97 5
455 428 4
455 318 3
455 694 4
455 898 3
455 174 4
455 228 4
455 515 4
455 57 4
455 380 3
455 402 4
455 191 5
455 24 3
455 1034 2
455 223 4
455 42 2
455 317 3
455 462 3
455 65 3
455 313 4
455 265 4
455 4 3
455 447 4
455 58 3
455 1136 3
455 939 4
455 1 4
455 170 3
455 288 2
455 197 5
455 627 3
455 1028 2
455 1197 4
455 405 3
455 281 3
455 301 2
455 39 2
455 125 3
455 176 3
455 87 3
455 89 3
455 71 3
455 40 3
455 678 3
455 100 4
455 518 4
455 628 4
455 275 4
455 471 4
455 475 4
455 127 5
455 9 4
455 423 5
455 64 4
455 69 4
455 17 3
455 934 3
455 747 4
455 12 3
455 276 4
455 270 4
455 7 4
455 709 3
455 382 3
455 241 4
455 217 4
455 292 3
455 98 4
455 96 4
455 1160 4
455 148 3
455 95 4
455 307 4
455 393 3
455 1171 3
455 14 3
455 252 3
455 549 4
455 53 1
455 234 4
455 118 4
455 298 4
455 660 4
455 591 4
455 289 3
455 8 4
455 44 3
455 237 3
455 123 3
455 1086 3
455 455 3
455 291 3
455 193 4
455 449 4
455 269 4
455 121 4
455 213 4
455 144 3
455 147 4
455 568 4
455 435 4
455 124 4
455 620 3
455 50 5
455 181 4
455 550 4
455 230 3
455 82 5
455 250 3
455 239 3
455 200 5
455 662 4
455 942 4
455 716 3
455 28 4
455 183 4
455 15 2
455 77 4
455 553 3
455 463 4
455 924 3
455 52 3
455 22 4
455 770 3
455 159 3
455 372 4
455 1167 4
455 581 3
455 385 3
455 79 4
455 172 4
455 744 3
455 258 5
455 736 3
455 11 3
455 286 5
455 546 3
455 523 4
455 117 3
455 259 2
455 164 4
