1 30.610455730027933
2 13.96424004376894
3 32.01562118716424
4 30.610455730027933
5 19.87460691435179
6 8.48528137423857
7 9.0
8 12.0
9 26.1725046566048
10 10.295630140987
11 15.84297951775486
12 23.874672772626646
13 3.1622776601683795
14 17.26267650163207
15 3.3166247903554
16 27.459060435491963
17 22.80350850198276
18 18.411952639521967
19 12.806248474865697
20 10.04987562112089
21 29.732137494637012
22 30.479501308256342
23 18.05547008526779
24 27.03701166919155
25 9.848857801796104
26 4.123105625617661
27 12.84523257866513
28 25.612496949731394
29 15.652475842498529
30 44.77722635447622
31 24.020824298928627
32 26.92582403567252
33 30.805843601498726
34 10.04987562112089
35 29.13760456866693
36 34.14674215792775
37 30.805843601498726
38 23.874672772626646
39 8.602325267042627
40 19.72308292331602
41 15.524174696260024
42 18.0
43 21.494185260204677
44 29.068883707497267
45 23.600847442411894
46 23.727621035409346
47 12.083045973594572
48 3.0
49 30.822070014844883
50 33.60059523282288
51 20.223748416156685
52 35.0
53 26.076809620810597
54 26.68332812825267
55 17.804493814764857
56 25.079872407968907
57 34.17601498127012
58 25.238858928247925
59 3.1622776601683795
60 7.280109889280518
61 12.649110640673518
62 21.02379604162864
63 20.248456731316587
64 16.278820596099706
65 4.358898943540674
66 30.805843601498726
67 35.84689665786984
68 34.132096331752024
69 24.331050121192877
70 21.37755832643195
71 19.235384061671343
72 1.0
73 30.0
74 19.235384061671343
75 24.515301344262525
76 33.28663395418648
77 26.1725046566048
78 22.0
79 9.055385138137417
80 14.035668847618199
81 32.449961479175904
82 14.142135623730951
83 15.264337522473747
84 17.08800749063506
85 4.242640687119285
86 22.0
87 1.0
88 10.099504938362077
89 5.0990195135927845
90 12.36931687685298
91 13.038404810405298
92 16.76305461424021
93 6.0
94 28.42534080710379
95 17.0
96 23.043437243605826
97 5.0990195135927845
98 6.164414002968976
99 33.28663395418648
100 13.416407864998739
101 37.589892258425
102 17.204650534085253
103 28.42534080710379
104 27.65863337187866
105 24.331050121192877
106 19.849433241279208
107 19.235384061671343
108 5.0
109 23.021728866442675
110 34.132096331752024
111 9.848857801796104
112 24.08318915758459
113 6.082762530298219
114 25.238858928247925
115 17.46424919657298
116 10.63014581273465
117 33.28663395418648
118 27.0
119 21.2602916254693
120 13.076696830622021
121 11.661903789690601
122 25.632011235952593
123 1.4142135623730951
124 22.80350850198276
125 20.12461179749811
126 21.95449840010015
127 19.209372712298546
128 26.419689627245813
129 16.30950643030009
130 30.463092423455635
131 11.045361017187261
132 27.294688127912362
133 6.4031242374328485
134 22.02271554554524
135 30.805843601498726
136 13.341664064126334
137 3.605551275463989
138 2.8284271247461903
139 33.28663395418648
140 25.475478405713993
141 14.035668847618199
142 37.33630940518894
143 19.924858845171276
144 14.866068747318506
145 17.72004514666935
146 3.1622776601683795
147 12.84523257866513
148 15.524174696260024
149 17.05872210923198
150 28.035691537752374
151 10.04987562112089
152 15.329709716755891
153 29.206163733020468
154 29.206163733020468
155 20.639767440550294
156 23.194827009486403
157 9.848857801796104
158 3.605551275463989
159 30.822070014844883
160 25.238858928247925
161 9.219544457292887
162 23.021728866442675
163 1.0
164 7.0710678118654755
165 30.886890422961002
166 3.1622776601683795
167 17.029386365926403
168 13.0
169 13.638181696985855
170 8.660254037844387
171 3.1622776601683795
172 13.038404810405298
173 15.264337522473747
174 18.027756377319946
175 27.820855486487112
176 26.248809496813376
177 31.304951684997057
178 25.553864678361276
179 33.37663853655727
180 26.019223662515376
181 22.80350850198276
182 18.439088914585774
183 22.67156809750927
184 14.866068747318506
185 11.224972160321824
186 10.862780491200215
187 22.20360331117452
188 18.973665961010276
189 16.0312195418814
190 18.0
191 15.0
192 6.708203932499369
193 26.1725046566048
194 10.0
195 18.027756377319946
196 20.024984394500787
197 20.248456731316587
198 32.46536616149585
199 26.90724809414742
200 16.1245154965971
201 29.0
202 7.681145747868608
203 29.223278392404914
204 10.816653826391969
205 9.055385138137417
206 38.48376280978771
207 14.212670403551895
208 6.4031242374328485
209 15.329709716755891
210 9.848857801796104
211 24.08318915758459
212 3.3166247903554
213 16.15549442140351
214 24.186773244895647
215 19.1049731745428
216 26.30589287593181
217 29.068883707497267
218 11.0
219 21.2602916254693
220 20.591260281974
221 34.132096331752024
222 23.600847442411894
223 34.14674215792775
224 17.291616465790582
225 3.1622776601683795
226 26.90724809414742
227 6.324555320336759
228 32.46536616149585
229 21.494185260204677
230 26.92582403567252
231 10.0
232 17.26267650163207
233 10.770329614269007
234 19.209372712298546
235 11.40175425099138
236 20.42057785666214
237 1.0
238 6.082762530298219
239 9.055385138137417
240 25.199206336708304
241 28.442925306655784
242 15.297058540778355
243 15.297058540778355
244 27.586228448267445
245 31.622776601683793
246 34.132096331752024
247 20.396078054371138
248 29.206163733020468
249 29.206163733020468
250 19.924858845171276
251 20.09975124224178
252 7.211102550927978
253 24.186773244895647
254 5.0
255 25.495097567963924
256 17.72004514666935
257 35.84689665786984
258 34.14674215792775
259 32.449961479175904
260 8.12403840463596
261 20.0
262 34.14674215792775
263 15.652475842498529
264 23.345235059857504
265 22.80350850198276
266 14.035668847618199
267 25.317977802344327
268 24.331050121192877
269 19.748417658131498
270 35.0
271 5.0
272 22.67156809750927
273 13.19090595827292
274 33.301651610693426
275 10.770329614269007
276 32.449961479175904
277 13.038404810405298
278 14.89966442575134
279 20.518284528683193
280 20.615528128088304
281 37.603191353926334
282 26.0
283 24.413111231467404
284 10.0
285 26.92582403567252
286 27.65863337187866
287 31.38470965295043
288 17.804493814764857
289 38.897300677553446
290 8.94427190999916
291 34.132096331752024
292 19.131126469708992
293 31.240998703626616
294 23.600847442411894
295 17.26267650163207
296 5.0990195135927845
297 19.261360284258224
298 7.211102550927978
299 19.1049731745428
300 26.095976701399778
301 30.0
302 6.708203932499369
303 34.132096331752024
304 31.63858403911275
305 28.653097563788805
306 13.341664064126334
307 29.206163733020468
308 19.209372712298546
309 18.788294228055936
310 11.40175425099138
311 24.839484696748443
312 13.0
313 13.038404810405298
314 33.301651610693426
315 17.26267650163207
316 13.96424004376894
317 26.0
318 22.67156809750927
319 17.204650534085253
320 34.132096331752024
321 3.3166247903554
322 33.28663395418648
323 32.449961479175904
324 32.46536616149585
325 19.0
326 7.0
327 31.622776601683793
328 3.0
329 3.0
330 13.379088160259652
331 15.811388300841896
332 33.28663395418648
333 13.038404810405298
334 18.867962264113206
335 6.708203932499369
336 29.68164415931166
337 20.248456731316587
338 13.490737563232042
339 15.811388300841896
340 4.47213595499958
341 35.86084215408221
342 26.43860813280457
343 6.4031242374328485
344 20.615528128088304
345 22.38302928559939
346 19.1049731745428
347 34.9857113690718
348 30.01666203960727
349 25.0
350 24.08318915758459
351 13.341664064126334
352 17.832554500127006
353 28.600699292150182
354 21.494185260204677
355 29.206163733020468
356 17.916472867168917
357 22.80350850198276
358 8.54400374531753
359 31.622776601683793
360 13.341664064126334
361 31.622776601683793
362 15.297058540778355
363 33.28663395418648
364 15.524174696260024
365 21.02379604162864
366 33.301651610693426
367 35.84689665786984
368 34.9857113690718
369 30.0
370 20.396078054371138
371 12.649110640673518
372 29.223278392404914
373 27.313000567495326
374 13.416407864998739
375 31.400636936215164
376 23.874672772626646
377 31.622776601683793
378 22.20360331117452
379 14.560219778561036
380 16.492422502470642
381 15.033296378372908
382 5.0
383 6.0
384 14.560219778561036
385 23.323807579381203
386 20.0
387 15.811388300841896
388 21.400934559032695
389 20.42057785666214
390 20.904544960366874
391 30.805843601498726
392 20.396078054371138
393 34.132096331752024
394 23.0
395 13.92838827718412
396 9.848857801796104
397 35.84689665786984
398 15.264337522473747
399 26.419689627245813
400 15.033296378372908
401 7.3484692283495345
402 18.439088914585774
403 17.029386365926403
404 23.62202362203543
405 26.94438717061496
406 5.0
407 19.4164878389476
408 30.805843601498726
409 0.0
410 18.05547008526779
411 14.317821063276353
412 23.194827009486403
413 7.615773105863909
414 27.784887978899608
415 9.486832980505138
416 33.301651610693426
417 24.71841418861655
418 13.92838827718412
419 14.212670403551895
420 5.830951894845301
421 17.233687939614086
422 22.561028345356956
423 20.615528128088304
424 16.30950643030009
425 34.132096331752024
426 7.615773105863909
427 3.605551275463989
428 26.90724809414742
429 27.65863337187866
430 19.72308292331602
431 26.40075756488817
432 26.476404589747453
433 21.02379604162864
434 36.72873534441391
435 24.331050121192877
436 18.027756377319946
437 24.71841418861655
438 3.1622776601683795
439 25.019992006393608
440 22.20360331117452
441 19.1049731745428
442 31.622776601683793
443 20.615528128088304
444 9.539392014169456
445 33.60059523282288
446 9.486832980505138
447 18.0
448 25.495097567963924
449 26.92582403567252
450 13.379088160259652
451 36.71511950137164
452 13.0
453 34.9857113690718
454 15.811388300841896
455 0.0
456 30.610455730027933
457 21.95449840010015
458 19.026297590440446
459 31.622776601683793
460 13.638181696985855
461 37.589892258425
462 34.14674215792775
463 7.0710678118654755
464 23.323807579381203
465 20.615528128088304
466 31.622776601683793
467 19.4164878389476
468 20.396078054371138
469 12.36931687685298
470 27.784887978899608
471 42.04759208325728
472 30.0
473 26.1725046566048
474 6.708203932499369
475 22.80350850198276
476 26.90724809414742
477 30.822070014844883
478 23.021728866442675
479 18.24828759089466
480 17.4928556845359
481 29.154759474226502
482 35.0
483 25.495097567963924
484 27.65863337187866
485 5.0990195135927845
486 9.486832980505138
487 26.30589287593181
488 19.0
489 14.7648230602334
490 19.05255888325765
491 20.639767440550294
492 9.486832980505138
493 26.30589287593181
494 10.04987562112089
495 19.4164878389476
496 32.46536616149585
497 33.28663395418648
498 29.732137494637012
499 15.231546211727817
500 20.0
501 31.622776601683793
502 31.622776601683793
503 20.12461179749811
504 21.563858652847824
505 24.71841418861655
506 14.142135623730951
507 36.069377593742864
508 23.706539182259394
509 25.0
510 19.1049731745428
511 31.622776601683793
512 23.021728866442675
513 5.0
514 25.238858928247925
515 12.083045973594572
516 11.224972160321824
517 30.0
518 20.049937655763422
519 29.068883707497267
520 15.652475842498529
521 34.132096331752024
522 12.649110640673518
523 2.23606797749979
524 8.54400374531753
525 21.02379604162864
526 21.095023109728988
527 18.027756377319946
528 34.9857113690718
529 1.4142135623730951
530 19.4164878389476
531 24.1039415863879
532 33.28663395418648
533 11.180339887498949
534 33.28663395418648
535 4.358898943540674
536 10.770329614269007
537 12.649110640673518
538 24.041630560342615
539 5.0990195135927845
540 20.396078054371138
541 34.14674215792775
542 32.449961479175904
543 22.67156809750927
544 13.638181696985855
545 28.319604517012593
546 13.416407864998739
547 3.605551275463989
548 20.223748416156685
549 18.027756377319946
550 36.72873534441391
551 26.92582403567252
552 13.341664064126334
553 10.44030650891055
554 23.345235059857504
555 19.261360284258224
556 13.379088160259652
557 26.92582403567252
558 21.563858652847824
559 21.840329667841555
560 24.08318915758459
561 25.317977802344327
562 6.082762530298219
563 13.490737563232042
564 22.67156809750927
565 19.697715603592208
566 33.28663395418648
567 24.515301344262525
568 9.486832980505138
569 14.317821063276353
570 22.20360331117452
571 14.035668847618199
572 4.242640687119285
573 25.0
574 8.54400374531753
575 18.601075237738275
576 6.0
577 21.656407827707714
578 17.0
579 16.278820596099706
580 36.71511950137164
581 17.029386365926403
582 35.84689665786984
583 5.656854249492381
584 29.206163733020468
585 23.259406699226016
586 33.28663395418648
587 25.553864678361276
588 35.0
589 28.460498941515414
590 3.605551275463989
591 13.490737563232042
592 34.9857113690718
593 17.291616465790582
594 3.605551275463989
595 26.92582403567252
596 28.0178514522438
597 28.178005607210743
598 13.638181696985855
599 31.63858403911275
600 19.79898987322333
601 29.03446228191595
602 13.076696830622021
603 30.4138126514911
604 9.486832980505138
605 15.524174696260024
606 24.413111231467404
607 7.14142842854285
608 29.068883707497267
609 39.370039370059054
610 31.622776601683793
611 10.198039027185569
612 12.36931687685298
613 15.588457268119896
614 6.708203932499369
615 10.44030650891055
616 18.384776310850235
617 29.017236257093817
618 37.603191353926334
619 35.84689665786984
620 36.069377593742864
621 35.84689665786984
622 26.92582403567252
623 3.7416573867739413
624 34.132096331752024
625 25.238858928247925
626 30.23243291566195
627 24.331050121192877
628 37.0
629 13.19090595827292
630 23.108440016582687
631 35.0
632 34.9857113690718
633 19.1049731745428
634 9.848857801796104
635 29.068883707497267
636 3.1622776601683795
637 22.20360331117452
638 5.0
639 11.704699910719626
640 33.28663395418648
641 30.0
642 35.0
643 19.235384061671343
644 15.297058540778355
645 25.238858928247925
646 35.86084215408221
647 8.54400374531753
648 6.4031242374328485
649 33.28663395418648
650 7.211102550927978
651 22.67156809750927
652 18.384776310850235
653 18.027756377319946
654 27.676705006196094
655 7.3484692283495345
656 3.0
657 25.079872407968907
658 20.518284528683193
659 17.26267650163207
660 28.42534080710379
661 24.413111231467404
662 12.206555615733702
663 25.553864678361276
664 18.439088914585774
665 23.0
666 4.0
667 16.401219466856727
668 27.60434748368452
669 17.029386365926403
670 26.1725046566048
671 30.4138126514911
672 6.082762530298219
673 4.242640687119285
674 39.370039370059054
675 19.1049731745428
676 22.80350850198276
677 30.870698080866262
678 3.605551275463989
679 33.301651610693426
680 17.4928556845359
681 11.74734012447073
682 28.653097563788805
683 11.661903789690601
684 26.90724809414742
685 18.894443627691185
686 16.278820596099706
687 18.411952639521967
688 11.045361017187261
689 26.419689627245813
690 20.615528128088304
691 14.317821063276353
692 14.560219778561036
693 8.660254037844387
694 18.439088914585774
695 29.732137494637012
696 14.7648230602334
697 26.419689627245813
698 24.43358344574123
699 13.601470508735444
700 35.84689665786984
701 10.488088481701515
702 17.029386365926403
703 22.20360331117452
704 10.488088481701515
705 32.46536616149585
706 30.805843601498726
707 12.84523257866513
708 23.430749027719962
709 29.966648127543394
710 34.132096331752024
711 31.63858403911275
712 31.63858403911275
713 14.352700094407323
714 22.360679774997898
715 33.015148038438355
716 12.041594578792296
717 30.610455730027933
718 19.924858845171276
719 17.05872210923198
720 1.4142135623730951
721 24.535688292770594
722 8.306623862918075
723 22.80350850198276
724 18.027756377319946
725 32.449961479175904
726 23.021728866442675
727 29.206163733020468
728 11.661903789690601
729 34.132096331752024
730 24.06241883103193
731 7.681145747868608
732 23.874672772626646
733 13.638181696985855
734 26.43860813280457
735 20.273134932713294
736 20.024984394500787
737 22.80350850198276
738 23.021728866442675
739 23.021728866442675
740 23.2163735324878
741 30.479501308256342
742 22.20360331117452
743 22.02271554554524
744 17.029386365926403
745 20.8806130178211
746 23.345235059857504
747 31.78049716414141
748 20.0
749 19.849433241279208
750 20.0
751 27.313000567495326
752 19.209372712298546
753 17.88854381999832
754 14.89966442575134
755 5.0990195135927845
756 21.656407827707714
757 28.42534080710379
758 27.65863337187866
759 33.301651610693426
760 18.411952639521967
761 35.84689665786984
762 16.0
763 27.018512172212592
764 21.236760581595302
765 24.758836806279895
766 14.317821063276353
767 22.360679774997898
768 19.0
769 10.816653826391969
770 26.90724809414742
771 28.42534080710379
772 20.09975124224178
773 33.28663395418648
774 25.45584412271571
775 6.324555320336759
776 20.591260281974
777 20.518284528683193
778 22.80350850198276
779 24.758836806279895
780 14.035668847618199
781 33.28663395418648
782 27.03701166919155
783 21.095023109728988
784 1.0
785 16.492422502470642
786 12.68857754044952
787 35.0
788 3.0
789 23.021728866442675
790 28.319604517012593
791 17.26267650163207
792 16.1245154965971
793 31.622776601683793
794 16.278820596099706
795 22.80350850198276
796 25.632011235952593
797 13.638181696985855
798 21.563858652847824
799 1.4142135623730951
800 26.92582403567252
801 32.802438933713454
802 13.0
803 22.0
804 9.486832980505138
805 24.71841418861655
806 23.706539182259394
807 9.9498743710662
808 16.278820596099706
809 11.224972160321824
810 14.798648586948742
811 8.602325267042627
812 32.202484376209235
813 38.48376280978771
814 22.20360331117452
815 20.615528128088304
816 19.1049731745428
817 34.132096331752024
818 22.360679774997898
819 11.0
820 31.622776601683793
821 11.704699910719626
822 21.494185260204677
823 21.02379604162864
824 21.400934559032695
825 5.656854249492381
826 20.024984394500787
827 25.337718918639855
828 22.360679774997898
829 20.0
830 14.142135623730951
831 29.966648127543394
832 30.610455730027933
833 24.413111231467404
834 25.553864678361276
835 7.280109889280518
836 4.123105625617661
837 12.083045973594572
838 30.805843601498726
839 11.224972160321824
840 9.055385138137417
841 3.605551275463989
842 21.540659228538015
843 16.401219466856727
844 26.30589287593181
845 16.1245154965971
846 22.847319317591726
847 26.1725046566048
848 4.47213595499958
849 37.603191353926334
850 23.600847442411894
851 32.69556544854363
852 2.0
853 20.024984394500787
854 26.19160170741759
855 11.180339887498949
856 12.12435565298214
857 13.038404810405298
858 15.297058540778355
859 32.71085446759225
860 26.645825188948457
861 20.615528128088304
862 23.769728648009426
863 35.84689665786984
864 25.238858928247925
865 23.021728866442675
866 13.341664064126334
867 29.410882339705484
868 30.4138126514911
869 25.45584412271571
870 31.622776601683793
871 18.027756377319946
872 34.14674215792775
873 1.0
874 20.808652046684813
875 30.01666203960727
876 14.7648230602334
877 22.20360331117452
878 3.7416573867739413
879 15.033296378372908
880 39.35733730830886
881 14.212670403551895
882 13.601470508735444
883 10.04987562112089
884 5.656854249492381
885 22.22611077089287
886 33.28663395418648
887 38.48376280978771
888 18.384776310850235
889 30.610455730027933
890 24.08318915758459
891 3.1622776601683795
892 17.69180601295413
893 29.206163733020468
894 3.1622776601683795
895 19.748417658131498
896 28.284271247461902
897 22.20360331117452
898 26.248809496813376
899 20.615528128088304
900 19.209372712298546
901 11.661903789690601
902 3.3166247903554
903 20.223748416156685
904 35.86084215408221
905 24.698178070456937
906 10.44030650891055
907 26.43860813280457
908 10.816653826391969
909 3.7416573867739413
910 21.18962010041709
911 22.847319317591726
912 13.341664064126334
913 27.65863337187866
914 13.638181696985855
915 5.385164807134504
916 21.37755832643195
917 31.63858403911275
918 18.788294228055936
919 26.419689627245813
920 18.05547008526779
921 33.301651610693426
922 19.026297590440446
923 32.449961479175904
924 23.021728866442675
925 34.0147027033899
926 5.0990195135927845
927 28.653097563788805
928 32.449961479175904
929 17.46424919657298
930 26.267851073127396
931 12.36931687685298
932 10.44030650891055
933 26.90724809414742
934 13.601470508735444
935 6.324555320336759
936 27.294688127912362
937 3.0
938 21.494185260204677
939 28.442925306655784
940 16.0
941 33.28663395418648
942 10.04987562112089
943 31.622776601683793
