72 679 2
72 195 5
72 48 4
72 1110 3
72 182 5
72 54 3
72 699 3
72 866 4
72 568 4
72 234 4
72 196 4
72 28 4
72 427 5
72 530 4
72 528 4
72 226 4
72 129 4
72 89 3
72 527 4
72 79 4
72 382 4
72 204 4
72 176 2
72 82 3
72 603 4
72 64 5
72 566 4
72 45 5
72 68 3
72 12 5
72 181 1
72 70 4
72 515 4
72 435 5
72 210 4
72 124 4
72 644 4
72 520 5
72 265 4
72 509 4
72 504 4
72 356 4
72 423 5
72 203 3
72 127 5
72 177 4
72 121 3
72 480 5
72 100 5
72 581 4
72 96 5
409 65 4
409 1295 1
409 1242 2
409 50 5
409 223 4
72 357 4
409 48 2
409 288 1
409 200 2
409 99 3
409 197 3
72 161 5
409 497 3
72 172 1
409 659 5
409 1176 4
409 199 4
409 6 4
409 516 4
409 59 5
72 484 4
409 201 1
409 520 2
409 214 4
72 180 4
409 518 1
72 479 4
409 680 1
409 202 3
72 87 4
409 995 4
409 270 2
409 1021 4
72 550 4
409 22 2
409 664 4
409 165 4
409 8 3
72 135 4
409 480 5
409 339 2
72 117 4
409 479 5
72 230 1
72 51 4
409 965 2
409 187 3
409 684 4
409 491 2
409 381 2
409 937 2
409 654 3
409 154 5
409 181 4
455 135 5
409 203 5
72 38 3
455 629 3
409 87 3
409 325 4
409 168 5
455 293 4
409 133 4
409 604 4
455 755 3
455 282 3
409 527 4
72 7 1
409 173 3
455 738 3
455 724 3
409 429 5
455 56 5
455 20 3
455 334 3
72 318 5
455 531 3
72 147 5
409 276 4
409 489 5
455 343 4
455 214 3
409 321 2
409 97 5
72 443 3
455 255 2
455 508 4
409 709 4
72 134 5
409 162 4
72 229 1
455 597 3
409 135 5
455 647 4
455 196 4
455 161 4
455 300 4
455 173 4
409 474 5
72 525 4
455 1174 3
455 511 5
455 323 3
455 582 2
409 676 2
409 749 3
409 9 4
409 264 1
455 2 4
455 465 3
409 12 4
409 60 5
409 210 4
455 504 4
455 70 3
455 279 3
409 153 4
455 321 2
455 204 4
409 483 4
72 212 5
409 191 5
409 484 4
455 304 3
72 582 4
455 778 4
72 15 5
409 478 4
409 1065 2
455 529 3
455 47 2
455 692 3
409 615 5
409 166 4
455 257 4
455 1137 3
455 727 3
455 31 4
455 126 5
72 118 3
455 584 4
409 514 5
409 496 5
455 222 3
455 277 4
455 1265 3
455 25 3
455 245 3
72 664 3
72 9 5
409 855 4
455 97 5
409 318 4
455 428 4
409 89 5
409 609 3
72 628 4
455 318 3
409 1537 4
455 694 4
409 175 4
455 898 3
455 174 4
455 228 4
409 207 3
409 156 2
455 515 4
409 1393 1
455 57 4
72 220 3
455 380 3
72 194 4
409 1379 3
409 526 3
409 382 4
455 402 4
455 191 5
72 228 1
72 241 4
455 24 3
72 655 5
455 1034 2
72 77 4
72 591 5
455 223 4
409 1097 2
455 42 2
455 317 3
409 322 2
409 1524 4
455 462 3
409 433 4
409 170 4
409 204 5
455 65 3
455 313 4
72 174 5
409 427 5
409 1593 4
409 174 4
409 877 2
455 265 4
455 4 3
455 447 4
72 476 4
455 58 3
455 1136 3
455 939 4
455 1 4
72 2 3
455 170 3
409 98 5
455 288 2
409 172 5
72 405 3
72 98 5
72 25 5
455 197 5
455 627 3
409 213 4
455 1028 2
455 1197 4
409 283 4
455 405 3
455 281 3
455 301 2
455 39 2
72 97 4
409 28 2
409 58 4
72 170 3
72 461 3
455 125 3
455 176 3
409 30 4
72 521 4
455 87 3
455 89 3
72 792 3
455 71 3
409 461 3
455 40 3
409 633 4
409 631 3
409 618 4
455 678 3
455 100 4
409 482 4
455 518 4
455 628 4
409 1194 5
409 481 3
72 647 1
72 187 4
72 471 4
72 380 1
72 685 4
409 286 5
409 523 4
409 708 4
72 56 5
409 1073 4
455 275 4
409 343 3
409 285 4
455 471 4
409 1360 2
455 475 4
455 127 5
409 493 4
455 9 4
455 423 5
409 367 3
409 186 5
409 209 5
72 1147 5
72 5 4
72 466 4
409 1093 2
72 69 4
455 64 4
72 222 1
409 192 4
409 661 5
409 606 4
72 402 4
409 195 4
455 69 4
409 1449 5
455 17 3
455 934 3
409 179 5
455 747 4
455 12 3
409 608 4
409 23 4
409 607 5
455 276 4
455 270 4
409 430 4
455 7 4
455 709 3
455 382 3
72 50 2
455 241 4
455 217 4
409 498 4
409 275 4
455 292 3
455 98 4
455 96 4
409 733 4
72 972 4
455 1160 4
409 266 1
455 148 3
72 233 4
409 1558 5
409 945 3
409 1099 4
409 647 5
409 528 4
409 1369 4
409 303 4
455 95 4
455 307 4
409 504 2
409 404 2
72 553 5
455 393 3
409 300 3
455 1171 3
455 14 3
455 252 3
409 205 3
409 486 3
455 549 4
455 53 1
72 684 4
455 234 4
455 118 4
455 298 4
72 191 5
409 327 2
455 660 4
455 591 4
409 530 4
455 289 3
409 216 4
455 8 4
409 428 4
455 44 3
455 237 3
409 14 5
409 485 2
409 879 1
409 714 3
455 123 3
455 1086 3
455 455 3
409 435 3
409 505 5
409 100 5
455 291 3
409 357 5
72 526 4
72 493 5
455 193 4
409 1392 1
455 449 4
455 269 4
455 121 4
455 213 4
72 188 4
455 144 3
455 147 4
409 61 4
409 1541 4
455 568 4
409 1070 4
72 654 4
409 115 2
409 1512 5
409 1020 5
72 642 4
455 435 4
409 1159 2
72 1148 4
455 124 4
455 620 3
455 50 5
72 1051 4
455 181 4
409 180 5
409 475 4
72 518 4
409 289 1
72 58 4
409 705 2
455 550 4
409 538 3
409 923 5
455 230 3
455 82 5
455 250 3
409 657 3
455 239 3
455 200 5
72 708 4
409 45 4
409 211 4
409 1346 3
409 116 4
72 1 4
455 662 4
455 942 4
409 171 4
455 716 3
72 198 5
455 28 4
455 183 4
72 215 4
455 15 2
455 77 4
455 553 3
409 127 4
409 1328 2
72 271 1
409 890 1
72 197 5
455 463 4
409 206 4
409 603 5
455 924 3
409 134 5
72 237 3
409 876 2
455 52 3
409 1050 4
455 22 4
455 770 3
455 159 3
409 511 5
455 372 4
409 499 3
455 1167 4
455 581 3
455 385 3
455 79 4
455 172 4
72 106 4
72 770 4
455 744 3
409 79 4
409 83 3
455 258 5
455 736 3
409 663 4
409 529 5
72 23 4
409 466 4
409 326 3
72 81 3
409 136 4
455 11 3
72 403 3
455 286 5
409 854 4
455 546 3
72 844 4
409 632 3
409 178 5
72 649 4
455 523 4
455 117 3
409 338 3
455 259 2
455 164 4
