9
11
1
-2
0
1
0
2
0
1
-2
-3
1
0
1
-3
6
0
7882
0
4
0
12
1
0
15
26
16
72
-1
0
5
1
29
17
22
207
7
2
0
1
-7
-3
-1
0
-1
0
-13
5
-1
-8
-4
17
0
1
0
-1
2
1
-2
1
0
150
0
-149
2
1
0
-1
-2
-102
24
2
1
0
1
-1
1
1
1
-3
-4
-7
15
-1
-46
0
20
50
0
1
-22
1
1
1
0
0
0
26
0
-108
1
14
0
0
0
4
0
2
15
-21
-2
-1
1
-2
13
0
12
2
-1
3
-1
-7
12
0
0
0
0
2
20
157
0
6
0
0
-1
0
1
-2
-1
0
0
0
0
0
6
57
15
3
38
15
15
7
0
0
0
0
66
1
279
0
45
37
4
0
1
6
13
1
15
0
24
72
1
2
0
16
0
1
0
19
8
5
0
1
234
17
0
7
25
-7
1
14
13
17
3
2
6
1
0
