1
1
6
1
1
1
10
4
10
21
102
45
1
1
2
30
2
4
2
5
3
46
93
1
1
1
6
3
2
457
2
1
16
1
3
147
3
2
2
1
108
2
1
25
2
17
1
8
12
2
6
1
3
1
2
5
2
9
1
8
45
2
2
1
2
3
1
13026
2
16
1
2
3
4
1
6
1
2
10
1
1
3
2
1
1
2
10
2
1
4
13
2
1
13
2
399
27
2
18
1
1
7
2
12
5
1
3
2
8
6
6
1
1
1
13
6
17
2
2
3
2
134
4
1
10
13256
13
1
1
1
13
2
465
7
1
13
2
2
1
7
2
3
7
3
5
3
2
2
3
12
58
7
1
4
45
8
1
45
3
1
2
2
1
22
5
8
2
1
1
1
2
1
1
12
4
1
2
1
2
219
1
2
4
1
149
1
15
4
1
21
1
7
7
2
4
2
3
1
1
46
30
3
93
1
3
1
11
1
1
1
9
1
1
2
1
1
399
16
2
2
1
3
34
3
1
2
8
2
2
1
1
2
1
2
8
10
3
2
12
2
40
27
16
8
12
1
16
2
102
2
17
1
2
1
54
2
2
4
2
1
9
30
17
2
